Side, Time
RN,13755468

























































































































































































